3333,0.11,0.85,0.07,286.94,-5.81,0.37,0,8129
3333,0.34,-0.03,0.01,286.88,-6.38,0.25,0,8130
3333,-3.05,2.14,0.06,287.06,-6.00,0.31,0,8131
3333,-0.04,1.18,0.12,286.88,-5.50,0.37,0,8132
3333,0.23,-0.04,-0.06,286.75,-5.56,0.37,0,8133
3333,-0.48,1.74,0.07,286.56,-5.44,0.44,0,8134
3333,0.15,0.16,-0.05,286.50,-5.13,0.44,0,8135
3333,0.18,0.09,0.06,286.44,-4.88,0.50,0,8136
3333,0.17,0.10,-0.03,286.38,-4.50,0.56,0,8137
3333,0.17,0.10,0.03,286.38,-4.25,0.56,0,8138
3333,0.19,0.07,0.00,286.38,-3.94,0.63,0,8139
3333,0.18,0.09,0.03,286.38,-3.94,0.63,0,8140
3333,0.15,0.07,-0.04,286.38,-4.00,0.63,0,8141
3333,0.15,0.09,-0.02,286.31,-4.00,0.63,0,8142
3333,0.15,0.08,-0.12,286.31,-3.75,0.69,0,8143
3333,0.19,0.07,0.00,286.38,-3.44,0.69,0,8144
3333,0.19,0.08,-0.05,286.38,-2.94,0.81,0,8145
3333,0.19,0.07,0.02,286.44,-2.50,0.88,0,8146
3333,0.18,0.11,-0.04,286.44,-2.19,0.88,0,8147
3333,0.19,0.09,0.02,286.44,-1.75,0.94,0,8148
3333,0.19,0.11,-0.03,286.44,-1.63,0.94,0,8149
3333,0.17,0.11,0.05,286.38,-1.75,0.94,0,8150
3333,0.17,0.11,-0.12,286.44,-1.94,0.94,0,8151
3333,0.11,0.09,-0.03,286.50,-2.00,0.88,0,8152
3333,0.18,0.10,-0.09,286.56,-1.81,0.94,0,8153
3333,0.14,0.10,0.00,286.56,-1.37,0.94,0,8154
3333,0.31,0.08,0.07,286.56,-1.00,1.00,0,8155
3333,0.17,0.08,0.01,286.56,-0.75,1.00,0,8156
3333,0.18,0.00,-0.08,286.56,-0.69,1.00,0,8157
3333,0.16,0.01,0.03,286.63,-0.69,1.00,0,8158
3333,0.14,0.07,-0.10,286.63,-0.75,1.00,0,8159
3333,0.14,0.08,-0.01,286.56,-0.75,1.00,0,8160
3333,0.18,0.03,-0.07,286.56,-0.69,1.00,0,8161
3333,0.16,0.04,0.00,286.69,-0.69,1.00,0,8162
3333,0.14,0.03,-0.09,286.69,-0.69,1.00,0,8163
3333,0.15,0.05,0.00,286.69,-0.69,1.00,0,8164
3333,0.19,0.03,-0.08,286.69,-0.69,1.00,0,8165
3333,0.14,0.01,0.03,286.69,-0.69,1.00,0,8166
3333,0.16,0.00,-0.08,286.69,-0.69,1.00,0,8167
3333,0.14,0.02,0.00,286.63,-0.69,1.00,0,8168
3333,0.16,0.03,-0.08,286.63,-0.63,1.00,0,8169
3333,0.14,-0.02,0.03,286.63,-0.63,1.00,0,8170
3333,0.15,0.00,-0.12,286.63,-0.63,1.00,0,8171
3333,0.14,0.03,0.04,286.63,-0.63,1.00,0,8172
3333,0.16,0.01,-0.10,286.63,-0.69,1.00,0,8173
3333,0.16,0.10,0.01,286.56,-0.75,1.00,0,8174
3333,0.17,-0.04,-0.09,286.56,-0.75,1.00,0,8175
3333,0.14,0.01,0.01,286.63,-0.75,1.00,0,8176
3333,0.16,0.04,-0.10,286.63,-0.75,1.00,0,8177
3333,0.43,-0.17,0.03,286.63,-0.69,1.00,0,8178
3333,0.20,0.00,-0.09,286.44,-0.63,1.00,0,8179
3333,-1.85,-1.27,0.07,285.69,-0.56,1.00,0,8180
3333,-1.97,-0.80,-0.18,285.00,-0.56,1.00,0,8181
3333,-1.09,0.63,0.81,285.25,-0.25,0.81,0,8182
3333,-2.68,0.19,0.64,285.81,0.00,-0.19,0,8183
3333,-1.81,0.50,0.41,287.19,0.00,-1.12,0,8184
3333,0.42,2.05,-1.86,288.06,-0.63,-1.56,0,8185
3333,-1.21,-0.06,-0.16,288.13,-1.31,-1.69,0,8186
3333,-0.62,-0.04,0.59,287.75,-2.06,-1.63,0,8187
3333,-0.16,-0.01,0.75,286.94,-3.50,-1.37,0,8188
3333,-0.18,0.28,-0.88,286.69,-4.38,-0.94,0,8189
3333,-0.09,-0.45,-0.22,286.25,-5.44,-0.56,0,8190
3333,-0.01,-0.40,0.83,286.38,-6.31,-0.63,0,8191
3333,0.38,0.30,-0.25,287.25,-7.75,-0.94,0,8192
3333,0.00,1.02,-0.32,287.88,-8.69,-1.00,0,8193
3333,-0.30,1.40,0.98,288.63,-10.06,-1.50,0,8194
3333,0.27,1.13,0.97,289.13,-11.19,-1.94,0,8195
2333,0.21,0.01,-0.76,289.25,-13.38,-2.06,0,8196
2333,0.03,0.54,0.22,289.50,-15.06,-1.94,0,8197
2333,2.26,-2.22,-0.12,290.44,-17.50,-2.38,0,8198
2333,1.54,0.29,-1.76,290.56,-18.75,-2.19,0,8199
1333,0.81,-0.03,0.19,290.06,-20.44,-1.88,0,8200
1333,0.22,-1.61,0.42,289.75,-21.06,-1.75,0,8201
1333,-0.18,0.09,-0.96,289.63,-21.56,-1.37,0,8202
1333,0.01,-0.32,-1.39,289.50,-21.75,-1.31,0,8203
1333,-0.04,-0.81,1.04,289.00,-21.87,-1.31,0,8204
1333,-0.78,0.54,-0.76,288.88,-21.69,-1.31,0,8205
1333,0.81,-1.50,0.78,289.06,-21.37,-1.63,0,8206
1333,0.45,-0.87,0.37,289.00,-21.12,-1.56,0,8207
0333,1.71,-1.57,0.58,289.13,-20.44,-1.56,0,8208
0333,1.72,0.72,-0.26,289.31,-20.00,-1.31,0,8209
0333,2.34,0.08,0.55,289.19,-19.56,-1.12,0,8210
0333,3.06,-1.31,2.29,288.81,-19.00,-1.00,0,8211
0333,1.24,-0.63,1.22,288.31,-17.69,-0.69,0,8212
0333,0.64,0.56,0.21,288.38,-17.19,-0.63,0,8213
0333,0.57,0.06,-0.34,288.56,-16.94,-0.81,0,8214
0333,1.05,-0.02,1.01,288.38,-16.81,-0.81,0,8215
0333,0.06,-0.49,0.83,287.94,-16.25,-0.88,0,8216
0333,-0.77,-0.02,-0.48,287.75,-16.06,-0.56,0,8217
0333,-0.22,1.09,-0.67,287.63,-16.12,-0.06,0,8218
0333,-0.10,-0.24,0.37,287.63,-16.06,0.00,0,8219
0333,-0.40,0.17,-0.38,287.88,-15.81,-0.12,0,8220
0333,-0.10,0.07,-0.42,288.06,-15.75,-0.25,0,8221
0333,0.29,-0.10,-0.58,288.19,-15.69,-0.31,0,8222
0333,-0.28,0.41,-0.08,288.19,-15.69,-0.31,0,8223
0333,0.13,0.20,0.74,287.06,-15.63,-0.44,0,8224
0333,0.17,0.18,0.12,287.06,-15.56,-0.50,0,8225
0333,0.15,0.04,0.33,285.81,-15.44,-0.44,0,8226
0333,-0.09,0.65,-0.16,285.81,-15.44,-0.50,0,8227
0333,0.16,0.38,0.08,284.75,-15.44,-0.75,0,8228
0333,0.53,-1.21,0.51,284.81,-15.38,-0.94,0,8229
0333,0.24,0.12,-0.09,283.81,-15.19,-0.94,0,8230
0333,-0.22,0.35,-0.40,283.69,-15.13,-0.88,0,8231
0333,-0.41,0.29,0.29,282.69,-15.00,-0.94,0,8232
0333,0.67,-0.38,-0.23,282.81,-15.00,-1.12,0,8233
0333,0.19,-0.12,0.22,281.88,-14.94,-1.37,0,8234
0333,-0.03,-0.01,0.33,281.69,-14.81,-1.37,0,8235
0333,-0.18,0.31,-0.06,280.63,-14.63,-1.37,0,8236
0333,0.03,-0.06,0.08,280.69,-14.63,-1.50,0,8237
0333,0.00,-0.59,0.08,280.25,-14.56,-1.81,0,8238
0333,0.47,-0.33,-0.09,280.38,-14.50,-2.00,0,8239
0333,0.19,-0.22,0.11,279.31,-14.38,-1.81,0,8240
0333,-0.28,0.24,-0.14,279.06,-14.38,-1.63,0,8241
1333,0.10,0.18,0.14,279.00,-14.38,-1.50,0,8242
1333,0.30,-0.45,0.15,278.38,-14.38,-1.75,0,8243
1333,0.41,-0.63,0.29,278.06,-14.31,-1.94,0,8244
1333,0.15,0.32,0.01,277.94,-14.31,-1.81,0,8245
1333,0.44,0.10,0.34,277.56,-14.31,-1.81,0,8246
1333,0.31,0.01,0.09,277.69,-14.25,-1.94,0,8247
1333,0.39,0.05,0.14,277.44,-14.13,-2.06,0,8248
1333,0.14,-0.11,-0.36,277.44,-14.00,-2.00,0,8249
1333,-0.37,0.07,-0.38,277.31,-13.94,-1.81,0,8250
1333,0.27,0.05,0.31,276.63,-14.00,-1.63,0,8251
1333,-0.14,0.44,-0.41,276.50,-13.94,-1.88,0,8252
1333,-0.38,-0.30,-0.15,276.63,-13.88,-2.00,0,8253
1333,0.49,-0.46,0.25,276.56,-13.94,-1.75,0,8254
1333,0.05,0.50,-0.46,276.06,-13.88,-1.37,0,8255
2333,0.68,-0.62,0.34,275.56,-13.69,-1.44,0,8256
2333,0.40,-0.42,0.23,275.31,-13.50,-1.25,0,8257
2333,0.89,0.14,-0.11,275.19,-13.25,-0.94,0,8258
2333,1.07,-0.07,0.39,274.63,-12.69,-0.69,0,8259
2333,2.14,-1.24,1.34,274.75,-12.13,-0.75,0,8260
2333,3.30,0.95,0.27,275.25,-11.13,-0.69,0,8261
2333,4.40,-0.29,0.57,275.81,-10.50,-0.69,0,8262
2333,5.99,0.09,0.51,276.44,-9.63,-0.19,0,8263
3333,5.51,0.26,-0.84,276.56,-9.00,0.31,0,8264
3333,4.73,-0.11,-0.31,276.06,-8.50,1.44,0,8265
3333,2.58,0.60,-1.26,275.69,-8.00,1.94,0,8266
3333,2.68,1.77,-2.12,275.81,-8.06,1.25,0,8267
3333,-2.93,-4.53,2.82,275.38,-8.38,0.63,0,8268
3333,1.30,3.45,1.99,274.38,-8.56,0.75,0,8269
3333,-2.30,1.00,-0.14,273.56,-8.56,0.94,0,8270
3333,-3.35,0.74,-0.33,272.75,-8.00,0.75,0,8271
3333,-2.65,1.39,1.79,272.50,-7.75,0.56,0,8272
3333,-4.31,-0.68,0.27,271.94,-7.19,0.44,0,8273
3333,-4.75,-0.27,-1.94,271.88,-6.88,0.37,0,8274
3333,-3.82,1.00,-1.64,271.88,-7.00,0.37,0,8275
3333,-4.12,-0.56,-0.54,271.75,-7.25,-0.06,0,8276
3333,-2.95,-1.63,-0.43,271.50,-7.88,-0.44,0,8277
2333,-2.11,-0.69,-0.87,271.13,-8.44,-0.06,0,8278
2333,-1.15,-0.11,0.18,270.44,-9.13,0.37,0,8279
2333,0.22,-0.66,-0.52,270.13,-9.25,0.31,0,8280
2333,-1.06,-1.59,-0.74,269.13,-9.06,0.12,0,8281
2333,1.76,0.39,8.36,268.50,-9.06,0.00,0,8282
2333,0.98,-0.67,0.03,268.69,-8.69,-0.12,0,8283
1333,-0.80,-0.07,0.45,269.13,-8.44,-0.06,0,8284
1333,-0.08,1.23,-0.12,269.50,-8.31,-0.06,0,8285
1333,-0.11,0.65,-0.12,269.38,-8.44,-0.06,0,8286
1333,0.20,-0.18,-0.06,268.63,-8.63,-0.06,0,8287
1333,0.16,-0.07,-0.07,267.94,-8.69,0.00,0,8288
1333,-0.12,0.18,-0.18,267.13,-8.56,-0.06,0,8289
1333,0.23,0.00,0.05,266.94,-8.13,-0.06,0,8290
1333,0.26,0.00,0.03,266.94,-7.19,0.06,0,8291
1333,0.16,0.10,0.14,266.94,-6.69,0.12,0,8292
1333,0.16,0.01,-0.08,267.06,-6.44,0.12,0,8293
1333,0.18,0.03,0.01,267.06,-6.44,0.12,0,8294
1333,-0.09,0.24,-0.21,267.06,-6.44,0.12,0,8295
1333,0.20,0.04,0.03,267.31,-6.13,0.19,0,8296
1333,0.12,0.12,-0.13,267.31,-5.50,0.25,0,8297
1333,0.21,0.02,-0.01,267.31,-5.00,0.31,0,8298
1333,0.10,0.00,0.11,268.75,-4.19,0.44,0,8299
1333,0.54,-0.33,0.02,269.06,-4.13,0.44,0,8300
1333,0.03,-0.09,-0.02,269.88,-3.88,0.50,0,8301
1333,0.17,0.02,0.00,269.69,-3.69,0.50,0,8302
1333,0.23,0.08,-0.13,270.13,-3.25,0.63,0,8303
1333,-0.45,0.26,0.10,270.06,-2.88,0.63,0,8304
1333,0.10,0.18,-0.06,271.00,-2.50,0.69,0,8305
1333,0.20,0.03,0.05,271.19,-2.38,0.69,0,8306
1333,0.14,0.02,-0.07,271.69,-2.56,0.69,0,8307
1333,0.17,0.01,0.00,271.69,-2.75,0.63,0,8308
1333,0.12,0.07,-0.15,272.25,-3.13,0.56,0,8309
1333,0.15,0.03,-0.04,272.25,-3.19,0.56,0,8310
1333,0.22,-0.01,-0.01,272.69,-2.94,0.63,0,8311
1333,0.17,0.00,0.05,272.69,-2.81,0.63,0,8312
1333,0.08,0.10,-0.10,273.13,-2.88,0.63,0,8313
1333,0.13,0.04,-0.01,273.13,-2.81,0.63,0,8314
1333,0.21,0.06,-0.04,273.50,-2.75,0.63,0,8315
1333,0.17,0.05,-0.02,273.50,-2.81,0.63,0,8316
1333,0.16,0.03,-0.09,273.75,-2.94,0.63,0,8317
1333,0.16,0.04,0.05,273.75,-2.94,0.56,0,8318
1333,0.15,0.05,-0.09,274.19,-3.06,0.56,0,8319
1333,0.17,0.05,0.00,274.19,-3.13,0.56,0,8320
1333,0.35,-0.11,-0.05,274.75,-3.13,0.56,0,8321
1333,0.14,0.01,0.02,274.81,-3.13,0.56,0,8322
1333,0.13,0.04,-0.12,275.00,-3.19,0.56,0,8323
1333,0.15,0.06,-0.03,275.00,-3.06,0.56,0,8324
2333,0.14,0.01,-0.09,275.19,-2.50,0.63,0,8325
2333,0.12,0.01,0.01,275.19,-2.13,0.69,0,8326
2333,0.20,0.02,-0.05,275.63,-1.81,0.75,0,8327
2333,0.16,0.07,-0.01,275.63,-1.75,0.75,0,8328
2333,0.16,0.02,-0.06,275.81,-1.50,0.81,0,8329
2333,0.13,0.07,-0.02,275.81,-1.37,0.81,0,8330
2333,0.15,0.02,-0.09,275.88,-1.44,0.81,0,8331
2333,0.15,0.06,-0.04,275.88,-1.44,0.81,0,8332
2333,0.18,0.03,-0.06,276.19,-1.50,0.75,0,8333
2333,0.13,0.05,-0.02,276.19,-1.56,0.75,0,8334
2333,0.16,0.03,-0.10,276.38,-1.44,0.75,0,8335
2333,0.14,0.04,-0.04,276.38,-1.31,0.81,0,8336
2333,0.12,0.01,-0.11,276.63,-1.19,0.81,0,8337
2333,0.12,0.01,-0.04,276.63,-1.12,0.81,0,8338
2333,0.16,0.01,-0.09,276.75,-0.88,0.88,0,8339
2333,0.14,0.00,0.00,276.75,-0.81,0.88,0,8340
2333,0.15,0.02,-0.08,277.06,-0.81,0.88,0,8341
2333,0.16,0.05,-0.06,277.13,-0.75,0.88,0,8342
2333,0.14,0.00,-0.10,277.38,-0.81,0.88,0,8343
2333,0.14,0.00,-0.02,277.44,-0.81,0.88,0,8344
2333,0.18,0.03,-0.07,277.81,-0.81,0.88,0,8345
2333,0.12,0.00,0.00,277.88,-0.81,0.88,0,8346
2333,0.11,0.01,-0.17,278.06,-0.81,0.88,0,8347
2333,0.07,0.06,-0.01,278.13,-0.75,0.88,0,8348
2333,0.16,0.01,-0.11,278.31,-0.69,0.88,0,8349
2333,0.17,-0.02,0.03,278.31,-0.69,0.88,0,8350
2333,0.16,-0.02,-0.11,278.38,-0.69,0.88,0,8351
2333,0.13,-0.01,0.02,278.38,-0.75,0.88,0,8352
2333,0.13,0.00,-0.12,278.44,-0.75,0.88,0,8353
2333,0.16,0.00,0.02,278.44,-0.69,0.88,0,8354
2333,0.14,0.00,-0.11,278.69,-0.69,0.88,0,8355
2333,0.14,0.00,0.04,278.69,-0.69,0.88,0,8356
2333,0.03,0.09,-0.06,278.81,-0.69,0.88,0,8357
2333,0.24,-0.10,0.02,278.94,-0.63,0.88,0,8358
2333,0.15,-0.01,-0.10,279.19,-0.63,0.88,0,8359
2333,0.05,0.04,0.00,279.19,-0.63,0.88,0,8360
2333,0.35,-0.13,-0.06,279.63,-0.56,0.88,0,8361
2333,-1.54,1.33,-0.01,279.88,-0.50,0.88,0,8362
2333,0.91,2.85,-0.16,280.50,-0.56,0.88,0,8363
2333,0.27,4.49,0.16,281.00,-0.56,0.88,0,8364
2333,0.77,6.72,-0.65,281.50,-0.56,0.88,0,8365
2333,0.11,5.37,-0.25,281.31,-0.63,0.88,0,8366
2333,-17.93,20.01,1.04,279.75,-0.63,0.25,0,8367
2333,-0.41,1.85,-0.40,280.13,-0.88,0.00,0,8368
2333,0.53,1.45,-0.30,279.19,-0.63,0.81,0,8369
2333,0.88,-0.33,-0.84,278.81,-0.63,0.81,0,8370
2333,0.68,-1.95,0.11,278.44,-0.69,0.81,0,8371
2333,1.46,0.09,-1.10,278.88,-0.75,0.81,0,8372
2333,0.38,-1.15,-0.19,279.06,-0.75,0.81,0,8373
2333,0.15,-3.95,0.11,278.75,-0.75,0.88,0,8374
2333,0.43,-4.37,-0.10,278.25,-0.75,0.88,0,8375
2333,-0.04,-5.33,-0.25,278.19,-0.69,0.81,0,8376
2333,-0.35,-3.38,0.00,278.56,-0.69,0.94,0,8377
2333,-0.39,-1.53,0.02,279.13,-0.69,0.94,0,8378
2333,0.16,-0.11,-0.07,280.00,-0.69,0.94,0,8379
2333,0.47,-0.52,0.00,280.63,-0.69,0.94,0,8380
2333,-0.05,-0.08,-0.07,280.81,-0.75,0.94,0,8381
2333,0.22,-0.07,-0.02,280.94,-0.81,0.94,0,8382
2333,0.23,-0.02,-0.03,281.13,-0.88,0.94,0,8383
2333,0.39,0.00,-0.10,281.25,-1.06,0.94,0,8384
1333,0.09,0.09,-0.13,281.44,-1.37,0.88,0,8385
1333,0.13,0.06,-0.07,281.44,-1.44,0.88,0,8386
1333,0.15,0.05,-0.15,281.44,-1.19,0.88,0,8387
1333,0.19,0.06,0.01,281.44,-0.88,0.94,0,8388
0333,0.17,0.02,-0.08,281.44,-0.75,0.94,0,8389
0333,0.14,0.00,0.00,281.44,-0.69,0.94,0,8390
0333,0.16,0.02,-0.09,281.44,-0.69,0.94,0,8391
0333,0.14,0.03,-0.03,281.44,-0.69,0.94,0,8392
0333,0.15,0.01,-0.08,281.44,-0.69,0.94,0,8393
0333,0.16,0.00,0.00,281.44,-0.69,0.94,0,8394
0333,0.17,-0.01,-0.06,281.44,-0.69,0.94,0,8395
0333,0.12,0.03,0.00,281.38,-0.63,0.94,0,8396
0333,0.14,0.01,-0.09,282.19,-0.63,0.94,0,8397
0333,0.17,0.00,0.02,282.13,-0.63,0.94,0,8398
0333,0.18,0.00,-0.04,282.94,-0.63,0.94,0,8399
0333,0.15,-0.03,0.02,282.94,-0.63,0.94,0,8400
0333,0.16,-0.02,0.00,283.94,-0.63,0.94,0,8401
0333,0.15,-0.01,-0.02,283.94,-0.63,0.94,0,8402
0333,0.15,0.02,0.00,284.63,-0.56,0.94,0,8403
0333,0.14,0.05,0.00,284.63,-0.56,0.94,0,8404
0333,0.13,0.01,0.02,285.38,-0.56,0.94,0,8405
0333,0.12,0.01,-0.01,285.38,-0.56,0.94,0,8406
0333,0.14,0.00,0.02,286.00,-0.56,0.94,0,8407
0333,0.14,-0.01,-0.02,286.00,-0.56,0.94,0,8408
0333,0.13,0.01,-0.03,286.63,-0.56,0.94,0,8409
0333,0.15,0.01,0.01,286.63,-0.56,0.94,0,8410
0333,0.15,0.02,0.03,287.19,-0.50,0.94,0,8411
0333,0.13,0.01,0.01,287.19,-0.50,0.94,0,8412
0333,0.11,0.00,0.03,287.94,-0.50,0.94,0,8413
0333,0.12,0.00,0.00,287.94,-0.50,0.94,0,8414
0333,0.12,0.00,0.00,288.63,-0.50,0.94,0,8415
0333,0.12,0.01,0.05,288.63,-0.50,0.94,0,8416
0333,0.13,0.02,0.01,289.13,-0.50,0.94,0,8417
0333,0.03,0.11,-0.02,289.13,-0.50,0.94,0,8418
0333,0.13,-0.01,-0.03,289.75,-0.50,0.94,0,8419
0333,0.16,-0.03,-0.02,289.88,-0.50,0.94,0,8420
0333,0.12,0.00,0.01,290.38,-0.50,0.94,0,8421
0333,0.12,0.00,0.01,290.44,-0.50,0.94,0,8422
1333,0.12,0.00,0.02,290.88,-0.50,0.94,0,8423
1333,0.12,0.03,0.00,290.88,-0.50,0.94,0,8424
1333,0.12,0.03,-0.04,291.31,-0.50,0.94,0,8425
1333,0.12,0.03,0.02,291.31,-0.50,0.94,0,8426
1333,0.11,0.00,-0.01,291.69,-0.50,0.94,0,8427
1333,0.10,-0.01,0.00,291.69,-0.50,0.94,0,8428
1333,0.13,0.01,0.03,292.00,-0.50,0.94,0,8429
1333,0.13,0.03,0.00,292.00,-0.50,0.94,0,8430
1333,0.11,0.02,-0.01,292.19,-0.50,0.94,0,8431
1333,0.11,0.02,0.00,292.19,-0.50,0.94,0,8432
1333,0.11,0.01,0.00,292.56,-0.50,0.94,0,8433
1333,0.12,0.00,0.00,292.56,-0.50,0.94,0,8434
1333,0.10,0.01,0.02,292.88,-0.50,0.94,0,8435
1333,0.12,0.03,-0.02,292.88,-0.50,0.94,0,8436
1333,0.10,0.03,0.01,293.19,-0.50,0.94,0,8437
1333,0.13,0.04,-0.02,293.19,-0.50,0.94,0,8438
1333,0.10,0.04,0.02,293.50,-0.50,0.94,0,8439
1333,0.11,0.00,0.00,293.50,-0.50,0.94,0,8440
2333,0.13,0.01,-0.03,293.69,-0.50,0.94,0,8441
2333,0.13,0.00,0.00,293.69,-0.50,0.94,0,8442
2333,0.12,0.02,-0.01,293.94,-0.50,0.94,0,8443
2333,0.11,0.03,0.00,293.94,-0.50,0.94,0,8444
2333,0.12,0.05,0.01,294.00,-0.50,0.94,0,8445
2333,0.12,0.02,0.00,294.00,-0.50,0.94,0,8446
2333,0.11,0.02,-0.02,294.25,-0.50,0.94,0,8447
2333,0.11,0.05,-0.02,294.25,-0.50,0.94,0,8448
2333,0.12,0.03,0.00,294.38,-0.56,0.94,0,8449
2333,0.01,0.17,0.00,294.38,-0.56,0.94,0,8450
2333,0.13,0.03,0.03,294.56,-0.56,0.94,0,8451
2333,0.14,0.04,0.00,294.56,-0.56,0.94,0,8452
2333,0.16,-0.01,-0.04,294.56,-0.56,0.94,0,8453
2333,0.15,0.02,-0.01,294.50,-0.56,0.94,0,8454
3333,0.13,0.03,0.00,294.75,-0.56,0.94,0,8455
3333,0.14,0.03,0.00,294.75,-0.63,0.94,0,8456
3333,0.03,0.15,0.00,294.88,-0.69,0.94,0,8457
3333,0.14,0.04,-0.03,294.94,-0.88,0.88,0,8458
3333,0.07,0.06,-0.12,295.19,-0.75,0.94,0,8459
3333,0.16,0.00,-0.01,295.19,-0.63,0.94,0,8460
3333,0.24,-0.06,0.02,295.06,-0.63,0.94,0,8461
3333,0.21,0.03,0.01,294.94,-0.63,0.94,0,8462
3333,0.14,0.02,-0.06,295.19,-0.69,0.94,0,8463
3333,0.12,0.08,0.01,295.56,-0.75,0.94,0,8464
3333,0.05,0.11,-0.01,296.00,-1.06,0.88,0,8465
3333,0.14,0.02,-0.10,296.00,-1.37,0.88,0,8466
3333,0.06,0.05,-0.06,295.94,-1.63,0.81,0,8467
3333,0.12,-0.02,-0.14,295.63,-1.31,0.81,0,8468
3333,0.16,-0.22,0.08,294.94,-0.63,0.94,0,8469
3333,-2.42,0.24,0.14,294.19,-0.63,0.94,0,8470
3333,-1.40,-0.17,-0.01,294.25,-0.69,0.94,0,8471
3333,-2.04,-0.04,0.22,294.13,-0.75,0.94,0,8472
3333,-2.41,-0.88,0.51,294.06,-1.12,0.88,0,8473
3333,-2.29,-0.37,-0.06,294.06,-2.00,0.75,0,8474
3333,-1.85,1.08,-0.31,293.88,-2.81,0.63,0,8475
3333,-2.18,-1.66,-0.19,293.81,-3.19,0.56,0,8476
3333,-2.43,-1.77,-0.27,294.06,-4.19,0.44,0,8477
3333,-2.63,0.25,-0.34,294.56,-4.75,0.31,0,8478
3333,-3.08,-1.60,-0.99,295.19,-5.13,0.31,0,8479
3333,-2.16,1.56,-0.64,295.75,-5.06,0.44,0,8480
3333,0.15,0.80,-0.90,296.00,-5.19,0.44,0,8481
3333,2.36,0.70,0.07,296.25,-5.19,0.44,0,8482
3333,1.79,-0.08,0.39,296.19,-5.19,1.00,0,8483
3333,4.76,1.57,0.15,296.31,-5.31,1.75,0,8484
3333,5.06,0.74,-0.40,296.56,-4.88,2.13,0,8485
3333,4.51,-0.56,0.42,296.63,-4.06,2.94,0,8486
3333,5.09,0.57,0.54,296.31,-3.56,3.94,0,8487
3333,0.79,-0.13,0.13,295.69,-2.56,5.00,0,8488
3333,1.41,0.00,-0.08,295.81,-2.06,5.19,0,8489
3333,0.25,0.02,0.09,296.25,-2.19,4.63,0,8490
3333,0.40,0.20,0.02,296.69,-3.44,3.69,0,8491
3333,-3.13,0.06,1.21,297.06,-4.88,2.56,0,8492
3333,0.12,-0.28,0.09,297.06,-5.31,2.00,0,8493
3333,0.06,0.12,-0.02,297.19,-6.63,0.81,0,8494
3333,0.24,-0.02,0.01,297.31,-6.69,0.37,0,8495
3333,0.19,0.03,0.01,297.25,-6.13,0.88,0,8496
3333,0.14,0.02,-0.12,297.00,-5.50,1.81,0,8497
3333,0.16,0.07,-0.11,296.44,-4.56,2.38,0,8498
3333,0.08,0.24,0.16,296.19,-4.06,2.25,0,8499
3333,0.22,0.01,-0.01,296.19,-2.94,2.75,0,8500
3333,0.25,-0.04,-0.08,296.19,-2.06,3.38,0,8501
3333,0.36,-0.10,0.06,296.00,-1.06,3.81,0,8502
3333,0.09,0.19,0.10,295.69,-1.00,3.75,0,8503
3333,0.19,0.02,-0.06,295.44,-0.94,3.63,0,8504
3333,0.17,0.01,-0.04,295.44,-0.94,3.31,0,8505
3333,0.16,0.12,0.11,295.44,-0.88,2.56,0,8506
3333,0.05,0.18,0.07,295.44,-0.88,2.31,0,8507
3333,0.23,0.00,-0.01,295.75,-0.88,2.38,0,8508
3333,0.15,0.02,-0.06,295.88,-0.88,2.25,0,8509
3333,0.25,0.03,0.08,296.31,-0.94,1.69,0,8510
3333,0.36,-0.04,0.15,297.00,-0.94,1.31,0,8511
3333,0.12,0.05,-0.10,297.56,-1.25,1.06,0,8512
3333,0.10,0.09,-0.12,297.69,-1.31,1.00,0,8513
3333,0.32,-0.05,0.09,297.81,-0.94,1.12,0,8514
3333,-0.03,0.14,-0.06,297.63,-0.88,1.25,0,8515
3333,0.14,0.08,0.00,297.06,-0.81,1.06,0,8516
3333,0.16,0.02,0.01,296.88,-0.81,1.06,0,8517
3333,0.18,0.06,0.00,296.69,-0.75,1.06,0,8518
3333,0.18,0.03,0.00,296.75,-0.75,1.00,0,8519
3333,0.15,0.04,-0.01,296.75,-0.81,1.00,0,8520
3333,0.15,0.03,0.01,296.75,-0.81,1.00,0,8521
3333,0.19,0.01,-0.01,296.75,-0.81,1.00,0,8522
3333,0.17,0.03,0.02,296.75,-0.75,1.00,0,8523
3333,0.16,0.01,-0.01,296.75,-0.75,1.00,0,8524
3333,0.16,0.03,-0.01,296.75,-0.75,1.00,0,8525
3333,0.16,0.03,-0.04,296.75,-0.75,1.00,0,8526
3333,0.15,0.05,0.02,296.50,-0.75,1.00,0,8527
3333,0.06,0.09,-0.01,296.50,-0.69,1.00,0,8528
3333,0.23,-0.04,-0.04,296.56,-0.69,1.00,0,8529
3333,0.15,0.04,-0.04,296.63,-0.69,1.00,0,8530
3333,0.15,0.02,0.03,296.63,-0.69,1.00,0,8531
3333,0.15,0.05,-0.02,296.63,-0.69,1.00,0,8532
3333,0.15,0.04,0.01,296.63,-0.69,1.00,0,8533
3333,0.18,0.00,-0.01,296.69,-0.81,1.00,0,8534
3333,0.18,0.01,-0.03,296.69,-0.81,1.00,0,8535
3333,0.15,0.03,0.00,296.69,-0.69,1.00,0,8536
3333,0.13,0.00,-0.01,296.88,-0.69,1.00,0,8537
3333,0.15,0.01,-0.01,296.94,-0.63,1.00,0,8538
3333,0.14,0.05,0.03,297.13,-0.63,1.00,0,8539
3333,0.14,0.02,-0.02,297.13,-0.63,1.00,0,8540
3333,0.14,0.00,-0.06,297.13,-0.69,1.00,0,8541
3333,0.13,0.05,0.00,297.13,-0.75,1.00,0,8542
3333,0.14,0.03,0.00,297.13,-0.75,1.00,0,8543
3333,0.13,0.05,0.00,297.13,-0.75,0.94,0,8544
3333,0.13,0.04,0.00,297.19,-0.69,0.94,0,8545
3333,0.14,0.05,0.01,297.19,-0.69,0.94,0,8546
3333,0.13,0.05,-0.06,297.13,-0.69,0.94,0,8547
3333,0.13,0.05,0.00,297.13,-0.69,0.94,0,8548
3333,0.16,0.08,-0.03,297.19,-0.75,0.94,0,8549
3333,0.11,0.04,-0.03,297.19,-0.69,0.94,0,8550
3333,0.02,0.04,0.02,297.19,-0.56,0.94,0,8551
3333,-0.38,0.20,0.00,297.13,-0.63,0.94,0,8552
3333,0.24,-0.01,-0.01,297.19,-0.63,0.94,0,8553
3333,0.12,0.01,0.00,297.19,-0.63,0.94,0,8554
3333,0.10,0.07,-0.01,297.19,-0.63,0.94,0,8555
3333,0.11,0.04,-0.03,297.31,-0.69,0.94,0,8556
3333,0.14,0.02,-0.04,297.38,-0.69,0.94,0,8557
3333,0.15,0.02,-0.01,297.44,-0.69,0.94,0,8558
3333,0.13,0.03,0.00,297.44,-0.63,0.94,0,8559
3333,0.13,0.03,-0.03,297.44,-0.63,0.94,0,8560
3333,0.15,0.05,0.01,297.44,-0.56,0.94,0,8561
3333,0.13,0.04,-0.04,297.44,-0.56,0.94,0,8562
3333,0.14,0.00,-0.01,297.31,-0.56,0.94,0,8563
3333,0.12,0.04,0.04,297.31,-0.56,0.94,0,8564
3333,0.12,0.04,0.01,297.31,-0.56,0.94,0,8565
3333,0.13,0.03,-0.03,297.38,-0.63,0.94,0,8566
3333,0.13,0.03,0.02,297.44,-0.63,0.94,0,8567
3333,0.09,0.05,-0.05,297.63,-0.63,0.94,0,8568
3333,0.17,0.00,-0.04,297.69,-0.63,0.94,0,8569
3333,0.13,0.04,-0.05,297.69,-0.56,0.94,0,8570
3333,0.12,0.02,0.02,297.63,-0.56,0.94,0,8571
3333,0.13,0.05,-0.02,297.63,-0.56,0.94,0,8572
3333,0.14,0.03,-0.05,297.63,-0.56,0.94,0,8573
3333,0.12,0.05,-0.01,297.63,-0.56,0.88,0,8574
3333,0.11,0.01,-0.02,297.63,-0.56,0.88,0,8575
3333,0.11,0.03,-0.06,297.63,-0.56,0.88,0,8576
3333,0.12,0.01,0.01,297.63,-0.56,0.88,0,8577
3333,0.13,0.04,-0.02,297.63,-0.56,0.88,0,8578
3333,0.13,0.00,-0.06,297.56,-0.56,0.88,0,8579
3333,0.10,0.05,-0.04,297.56,-0.50,0.88,0,8580
3333,0.11,0.02,0.00,297.50,-0.50,0.88,0,8581
3333,0.11,0.05,-0.04,297.50,-0.50,0.88,0,8582
3333,0.13,0.00,0.01,297.50,-0.50,0.88,0,8583
3333,0.12,0.00,-0.02,297.50,-0.50,0.88,0,8584
3333,0.12,0.02,-0.04,297.50,-0.50,0.88,0,8585
3333,0.10,0.00,-0.04,297.44,-0.50,0.88,0,8586
3333,0.10,0.04,-0.02,297.44,-0.50,0.88,0,8587
3333,0.04,0.06,0.00,297.25,-0.50,0.88,0,8588
3333,0.12,0.03,0.00,297.38,-0.50,0.88,0,8589
3333,0.13,0.01,-0.02,297.31,-0.56,0.88,0,8590
3333,-0.31,-2.55,0.00,297.06,-0.56,0.88,0,8591
3333,-1.23,-2.81,0.01,297.56,-0.56,0.88,0,8592
3333,0.67,-1.84,0.09,298.50,-0.63,0.88,0,8593
3333,0.83,-1.79,-0.43,299.19,-0.56,1.25,0,8594
3333,0.95,-4.95,-0.24,299.38,-0.56,1.44,0,8595
3333,1.22,-3.53,-0.83,300.06,-0.44,1.50,0,8596
3333,0.50,-2.91,0.17,300.56,-0.44,1.50,0,8597
3333,0.14,-1.28,-0.19,301.50,-0.37,1.88,0,8598
2333,1.74,-0.49,-0.59,301.94,-0.44,2.38,0,8599
2333,0.86,-0.58,0.04,301.81,-0.37,3.69,0,8600
1333,-0.84,0.51,0.25,301.38,-0.44,5.00,0,8601
1333,-0.75,2.22,-0.18,301.31,-0.44,6.25,0,8602
0333,-0.03,2.90,-0.38,301.50,-0.44,6.00,0,8603
0333,-0.24,2.63,0.64,301.50,-0.50,4.75,0,8604
0333,-1.11,4.32,-0.46,301.13,-0.44,3.88,0,8605
0333,-0.18,3.46,-0.41,301.25,-0.44,1.88,0,8606
0333,0.21,2.89,-0.01,301.19,-0.44,1.25,0,8607
0333,-0.49,1.44,-0.06,300.81,-0.50,1.25,0,8608
0333,-0.11,2.12,0.00,300.50,-0.50,1.25,0,8609
0333,-0.30,1.14,-0.15,299.81,-0.56,1.25,0,8610
0333,-0.58,0.74,0.03,299.31,-0.56,1.25,0,8611
0333,-0.08,0.20,-0.06,298.69,-0.56,1.25,0,8612
0333,0.00,0.08,-0.01,298.44,-0.63,1.25,0,8613
0333,0.14,0.00,-0.06,298.38,-0.63,1.25,0,8614
0333,-0.13,0.01,0.00,298.38,-0.63,1.25,0,8615
0333,0.28,0.04,0.04,298.31,-0.56,1.25,0,8616
0333,0.13,-0.05,-0.14,298.38,-0.56,1.50,0,8617
0333,0.13,0.29,0.48,298.38,-0.56,1.25,0,8618
0333,0.12,0.04,-0.01,298.44,-0.56,1.25,0,8619
0333,0.10,0.14,0.06,298.56,-0.63,2.00,0,8620
0333,0.15,-0.14,-0.24,298.63,-0.63,2.75,0,8621
0333,0.10,0.07,-0.02,298.69,-0.63,2.56,0,8622
1333,0.11,0.03,-0.11,298.69,-0.63,2.31,0,8623
1333,0.09,0.02,-0.03,298.69,-0.63,2.25,0,8624
2333,0.09,0.05,-0.04,298.69,-0.63,2.19,0,8625
2333,0.12,0.04,-0.08,298.75,-0.63,2.06,0,8626
2333,0.09,-0.05,-0.08,298.75,-0.63,2.13,0,8627
2333,0.14,0.02,-0.09,298.81,-0.63,1.81,0,8628
2333,0.11,0.12,0.19,298.50,-0.56,1.50,0,8629
2333,0.09,0.04,0.01,298.44,-0.56,1.75,0,8630
2333,0.12,-0.01,-0.17,298.38,-0.56,1.94,0,8631
2333,0.10,0.11,0.14,298.38,-0.56,1.69,0,8632
2333,0.07,0.06,0.01,298.00,-0.56,1.88,0,8633
2333,0.11,0.03,-0.06,298.19,-0.56,2.06,0,8634
2333,0.12,-0.05,-0.11,298.31,-0.56,2.19,0,8635
2333,0.11,0.02,-0.13,298.31,-0.56,2.00,0,8636
2333,0.07,0.03,0.00,298.19,-0.56,1.75,0,8637
2333,0.09,0.13,0.07,298.19,-0.56,1.50,0,8638
2333,0.06,0.04,0.00,298.25,-0.50,1.50,0,8639
2333,0.10,0.02,-0.03,298.31,-0.50,1.44,0,8640
2333,0.09,0.07,0.00,298.25,-0.50,1.44,0,8641
2333,0.11,0.00,-0.16,298.25,-0.50,1.37,0,8642
2333,0.10,0.04,-0.02,298.25,-0.50,1.19,0,8643
2333,0.07,0.01,-0.03,298.25,-0.50,1.19,0,8644
2333,0.16,-0.02,-0.05,298.06,-0.50,1.19,0,8645
2333,0.12,0.00,-0.04,298.13,-0.50,1.19,0,8646
2333,0.09,0.01,-0.04,297.88,-0.50,1.19,0,8647
2333,0.07,0.00,-0.09,297.88,-0.50,1.19,0,8648
2333,0.11,0.00,-0.01,297.75,-0.50,1.19,0,8649
2333,0.10,0.02,-0.03,297.81,-0.44,1.19,0,8650
2333,0.05,0.06,-0.03,297.56,-0.44,1.19,0,8651
2333,0.03,0.09,-0.05,297.63,-0.44,1.19,0,8652
2333,0.08,0.02,-0.02,297.81,-0.44,1.19,0,8653
2333,0.13,0.01,0.00,297.81,-0.44,1.19,0,8654
2333,0.09,0.00,-0.01,297.75,-0.44,1.19,0,8655
2333,0.10,0.01,-0.03,297.75,-0.44,1.19,0,8656
2333,0.08,-0.01,-0.04,297.69,-0.44,1.19,0,8657
2333,0.09,0.00,-0.08,297.69,-0.44,1.19,0,8658
2333,0.09,0.01,-0.01,297.63,-0.44,1.19,0,8659
2333,0.07,0.00,-0.04,297.63,-0.44,1.19,0,8660
2333,0.07,0.00,0.01,297.50,-0.44,1.19,0,8661
2333,0.08,0.02,-0.04,297.50,-0.44,1.19,0,8662
2333,0.07,0.02,-0.02,297.50,-0.44,1.19,0,8663
2333,0.06,0.02,-0.04,297.50,-0.44,1.19,0,8664
2333,0.09,0.00,0.01,297.50,-0.44,1.19,0,8665
2333,0.00,0.11,-0.02,297.56,-0.44,1.19,0,8666
3333,0.11,0.02,-0.05,297.81,-0.44,1.19,0,8667
3333,0.07,0.02,-0.06,297.81,-0.44,1.19,0,8668
3333,0.12,0.00,-0.03,297.75,-0.44,1.19,0,8669
3333,0.05,-0.01,-0.08,297.75,-0.44,1.19,0,8670
3333,0.09,0.02,0.00,297.69,-0.44,1.19,0,8671
3333,0.09,0.03,-0.06,297.69,-0.44,1.19,0,8672
3333,0.11,0.00,0.03,297.63,-0.44,1.19,0,8673
3333,0.08,0.03,-0.08,297.63,-0.44,1.19,0,8674
3333,0.10,-0.02,0.03,297.44,-0.44,1.19,0,8675
3333,0.08,0.01,-0.02,297.44,-0.44,1.19,0,8676
3333,0.13,-0.03,0.03,297.44,-0.44,1.19,0,8677
3333,0.02,0.02,-0.02,297.44,-0.44,1.19,0,8678
3333,-0.09,0.18,-0.01,297.88,-0.44,1.19,0,8679
3333,0.00,0.08,-0.07,298.38,-0.44,1.19,0,8680
3333,0.21,-0.06,0.01,298.94,-0.44,1.19,0,8681
3333,0.05,-0.02,-0.07,299.00,-0.44,1.19,0,8682
3333,0.08,-0.02,0.04,299.00,-0.37,1.25,0,8683
3333,0.04,0.00,-0.06,299.00,-0.37,1.25,0,8684
3333,0.10,0.00,-0.04,299.00,-0.37,1.25,0,8685
3333,0.07,0.00,-0.05,299.00,-0.37,1.25,0,8686
3333,0.07,-0.01,-0.02,298.94,-0.31,1.25,0,8687
3333,0.09,-0.01,0.01,298.94,-0.31,1.25,0,8688
3333,0.03,0.02,-0.06,298.88,-0.31,1.25,0,8689
3333,0.04,-0.01,-0.02,298.75,-0.31,1.25,0,8690
3333,0.08,-0.02,0.01,298.75,-0.31,1.25,0,8691
3333,0.06,0.00,-0.06,298.75,-0.31,1.25,0,8692
3333,0.81,0.45,0.04,298.75,-0.37,1.25,0,8693
3333,6.78,2.95,-0.28,298.69,-0.31,1.25,0,8694
3333,4.22,2.05,-0.04,297.63,-0.31,1.19,0,8695
3333,2.76,0.54,0.00,296.94,-0.25,1.19,0,8696
3333,6.01,-1.04,-0.03,296.69,-0.19,1.19,0,8697
3333,3.86,-0.82,-0.02,296.25,-0.25,1.12,0,8698
3333,3.85,-0.17,0.05,295.38,-0.31,1.12,0,8699
3333,2.53,-0.24,0.25,295.38,-0.31,1.12,0,8700
3333,0.69,-0.07,0.21,295.19,-0.19,1.12,0,8701
3333,0.31,0.59,-0.16,294.69,-0.19,1.12,0,8702
3333,-1.73,0.03,-0.45,293.75,-0.25,1.12,0,8703
3333,-3.04,0.83,0.04,293.00,-0.25,1.12,0,8704
3333,-4.10,-0.91,0.59,292.19,-0.31,1.12,0,8705
3333,-3.33,-1.10,0.69,291.75,-0.31,1.63,0,8706
3333,-3.94,0.10,-0.15,291.63,-0.37,2.06,0,8707
3333,-2.71,-0.05,-0.27,292.19,-0.37,1.44,0,8708
3333,-1.67,-0.24,-0.01,293.25,-0.37,1.12,0,8709
3333,-3.00,0.13,0.07,293.75,-0.37,1.12,0,8710
3333,0.27,-0.08,-0.19,294.69,-0.37,1.12,0,8711
3333,1.50,-0.80,0.01,295.75,-0.37,1.12,0,8712
3333,-0.95,0.44,0.01,295.63,-0.37,1.12,0,8713
3333,0.08,0.01,-0.07,295.56,-0.37,1.12,0,8714
3333,0.08,-0.01,0.00,295.56,-0.37,1.12,0,8715
3333,0.13,0.08,-0.04,295.31,-0.37,1.12,0,8716
3333,0.12,0.00,0.02,294.88,-0.37,1.12,0,8717
3333,0.12,-0.02,-0.01,294.81,-0.37,1.12,0,8718
3333,0.10,0.02,0.04,294.81,-0.37,1.12,0,8719
3333,0.33,-0.03,-0.10,294.81,-0.31,1.12,0,8720
3333,0.03,0.04,0.07,294.56,-0.37,1.12,0,8721
3333,0.12,-0.01,-0.09,294.50,-0.31,1.12,0,8722
3333,0.11,-0.03,0.04,294.44,-0.31,1.12,0,8723
3333,0.12,0.00,-0.10,294.25,-0.31,1.12,0,8724
3333,0.08,0.07,0.07,293.94,-0.31,1.12,0,8725
3333,0.08,0.02,0.01,293.50,-0.31,1.12,0,8726
3333,0.09,0.02,0.05,293.38,-0.31,1.12,0,8727
3333,0.10,0.00,-0.03,293.38,-0.31,1.12,0,8728
3333,0.13,0.00,0.01,293.31,-0.31,1.12,0,8729
3333,0.10,0.00,-0.03,293.25,-0.31,1.12,0,8730
3333,0.09,0.01,0.05,293.19,-0.31,1.12,0,8731
3333,0.11,0.00,-0.04,293.19,-0.31,1.12,0,8732
3333,0.10,0.01,0.03,293.19,-0.31,1.12,0,8733
3333,0.11,0.00,-0.02,293.19,-0.31,1.12,0,8734
3333,0.11,-0.01,0.02,293.19,-0.31,1.12,0,8735
3333,0.10,-0.01,-0.04,293.19,-0.31,1.12,0,8736
3333,0.10,0.00,0.02,293.13,-0.31,1.12,0,8737
3333,0.10,0.01,-0.04,293.13,-0.31,1.12,0,8738
3333,0.10,0.00,0.02,293.13,-0.31,1.12,0,8739
3333,0.10,0.01,-0.02,293.13,-0.31,1.12,0,8740
3333,0.09,0.00,0.02,293.06,-0.31,1.12,0,8741
3333,0.08,0.00,-0.01,293.06,-0.31,1.12,0,8742
3333,0.11,0.00,0.05,293.06,-0.31,1.12,0,8743
3333,0.11,-0.01,-0.01,293.06,-0.31,1.12,0,8744
3333,0.10,0.00,-0.01,293.06,-0.31,1.12,0,8745
3333,0.09,0.00,-0.04,293.06,-0.31,1.12,0,8746
3333,0.10,0.01,0.01,293.13,-0.31,1.12,0,8747
3333,0.09,0.00,-0.02,293.13,-0.31,1.12,0,8748
3333,0.12,-0.02,0.00,293.13,-0.31,1.12,0,8749
3333,0.10,0.00,-0.03,293.13,-0.31,1.12,0,8750
3333,0.11,0.00,0.08,293.13,-0.31,1.12,0,8751
3333,0.10,0.00,-0.06,293.13,-0.31,1.12,0,8752
3333,0.09,0.03,0.03,293.13,-0.31,1.12,0,8753
3333,0.12,-0.04,-0.03,293.13,-0.31,1.12,0,8754
3333,0.08,0.00,0.01,293.06,-0.31,1.12,0,8755
3333,0.12,-0.02,-0.04,293.06,-0.31,1.12,0,8756
3333,0.08,0.01,0.00,293.00,-0.31,1.12,0,8757
3333,0.12,0.00,-0.05,293.00,-0.37,1.12,0,8758
3333,0.09,0.02,0.02,292.88,-0.37,1.12,0,8759
3333,0.11,0.00,-0.03,292.88,-0.37,1.12,0,8760
3333,0.11,0.00,0.00,292.88,-0.37,1.12,0,8761
3333,0.14,-0.01,-0.03,292.88,-0.37,1.12,0,8762
3333,0.07,0.01,0.01,292.94,-0.37,1.12,0,8763
3333,0.10,-0.01,0.00,293.00,-0.37,1.12,0,8764
3333,0.09,0.00,0.01,293.00,-0.37,1.12,0,8765
3333,0.11,0.02,-0.05,293.00,-0.37,1.12,0,8766
3333,0.10,0.00,0.02,293.00,-0.37,1.12,0,8767
3333,0.12,0.01,-0.09,293.00,-0.37,1.12,0,8768
3333,-0.01,0.08,0.00,292.94,-0.37,1.12,0,8769
3333,0.16,0.00,-0.02,293.06,-0.37,1.12,0,8770
3333,0.11,0.00,0.00,293.06,-0.37,1.12,0,8771
3333,0.11,0.00,-0.05,293.06,-0.37,1.12,0,8772
3333,0.12,0.00,0.00,293.06,-0.37,1.12,0,8773
3333,0.11,0.00,-0.06,293.06,-0.37,1.12,0,8774
3333,0.12,0.00,0.00,293.06,-0.37,1.12,0,8775
3333,0.11,-0.02,-0.04,293.06,-0.37,1.12,0,8776
3333,0.10,0.00,0.02,293.06,-0.37,1.12,0,8777
3333,0.13,-0.02,-0.05,293.06,-0.37,1.12,0,8778
3333,0.12,0.03,0.02,293.06,-0.37,1.12,0,8779
3333,0.13,0.00,-0.05,293.06,-0.37,1.12,0,8780
3333,0.11,0.00,0.02,292.94,-0.37,1.12,0,8781
3333,0.11,-0.01,-0.04,292.94,-0.37,1.12,0,8782
3333,0.13,-0.01,0.01,293.00,-0.37,1.12,0,8783
3333,0.10,0.01,-0.05,293.00,-0.37,1.12,0,8784
3333,0.14,0.00,0.03,293.00,-0.37,1.12,0,8785
3333,0.11,0.01,-0.03,293.00,-0.37,1.12,0,8786
3333,0.10,0.00,0.03,293.06,-0.44,1.12,0,8787
3333,0.11,-0.01,-0.04,293.19,-0.44,1.12,0,8788
3333,0.17,-0.02,0.03,293.44,-0.44,1.12,0,8789
3333,0.10,0.00,-0.07,293.44,-0.44,1.12,0,8790
3333,0.08,0.00,0.03,293.38,-0.44,1.12,0,8791
3333,0.11,-0.01,-0.03,293.63,-0.44,1.12,0,8792
3333,0.12,0.01,0.03,293.63,-0.44,1.12,0,8793
3333,-0.46,1.25,-0.07,293.69,-0.44,1.12,0,8794
3333,-0.69,2.11,0.04,293.75,-0.44,1.12,0,8795
3333,-0.05,2.37,-0.06,293.56,-0.44,1.12,0,8796
3333,0.53,2.46,-0.04,293.38,-0.44,1.12,0,8797
3333,0.44,2.59,0.45,292.81,-0.44,1.06,0,8798
3333,-0.01,3.07,-0.08,292.31,-0.50,1.06,0,8799
3333,-0.06,1.40,0.37,292.06,-0.56,1.06,0,8800
3333,-4.50,5.30,-0.08,288.56,-0.56,1.06,0,8801
3333,1.23,1.16,-0.48,291.75,-0.50,1.00,0,8802
3333,0.43,2.05,0.18,291.88,-0.56,1.00,0,8803
3333,0.65,-0.54,-0.31,292.38,-0.56,1.00,0,8804
2333,1.14,-0.86,-0.08,292.81,-0.63,1.06,0,8805
2333,-0.33,-1.87,0.37,293.25,-0.63,1.00,0,8806
2333,-0.15,-1.66,-0.18,293.75,-0.63,1.06,0,8807
2333,0.06,-2.71,-0.05,294.06,-0.63,1.06,0,8808
2333,0.42,-2.85,-0.30,294.38,-0.63,1.12,0,8809
2333,-0.16,-1.78,0.01,294.63,-0.56,1.06,0,8810
2333,0.31,-1.08,-0.07,294.38,-0.63,1.06,0,8811
2333,0.19,-2.12,0.12,293.94,-0.69,1.06,0,8812
2333,0.53,-1.97,0.14,293.75,-0.69,1.06,0,8813
2333,0.01,-1.89,-0.03,293.38,-0.63,1.37,0,8814
1333,0.11,0.02,0.04,293.25,-0.63,1.37,0,8815
1333,0.15,-0.04,-0.05,293.13,-0.69,1.37,0,8816
1333,0.12,1.06,0.04,293.00,-0.63,1.37,0,8817
1333,0.16,0.04,-0.05,293.00,-0.69,1.37,0,8818
1333,0.16,0.06,0.02,293.00,-0.69,1.37,0,8819
1333,0.15,0.07,-0.02,293.00,-0.69,1.37,0,8820
1333,0.15,0.03,0.03,293.00,-0.69,1.37,0,8821
1333,0.18,0.04,-0.02,293.00,-0.69,1.37,0,8822
1333,0.16,0.02,0.02,293.00,-0.63,1.37,0,8823
1333,0.18,0.04,-0.04,293.00,-0.63,1.37,0,8824
1333,0.01,0.46,0.00,292.69,-0.63,1.37,0,8825
1333,0.16,-0.08,-0.03,291.88,-0.63,1.37,0,8826
1333,0.16,0.03,0.00,291.56,-0.63,1.37,0,8827
1333,0.15,0.21,-0.03,291.25,-0.63,1.37,0,8828
